1	[-1022581667, -1900302480, -750278326]
1	[-1151172406, -1261379688, -1367910071]
1	[-1151172406, -1261379688, -1921489680]
2	[-1151172406, -1261379688, -1921489680]
3	[-1151172406, -1261379688, -1921489680]
4	[-1151172406, -1261379688, -1921489680]
1	67 68 1.0000000000000002
67	(67,68,398 Lahreche,398 Lahreche)
1	67 531 0.5854345273884909
1	67 532 0.5854345273884909
1	68 531 0.5854345273884909
1	68 532 0.5854345273884909
1	531 67 0.5854345273884909
1	531 68 0.5854345273884909
1	531 532 1.0
531	(531,532,838 Leuthauser Lane,838 Leuthauser Lane)
1	[-1151172406, -1900302480, -1570063170]
2	[-1151172406, -1900302480, -1570063170]
1	504 503 1.0000000000000002
503	(503,504,193 Einari Rd,193 Einari Rd)
1	[-1151172406, -1900302480, -440523615]
2	[-1151172406, -1900302480, -440523615]
1	807 1007 0.5472151719794001
1	1007 807 0.5472151719794001
1	[-1167431322, -1261379688, -1367910071]
2	[-1167431322, -1261379688, -1367910071]
3	[-1167431322, -1261379688, -1367910071]
4	[-1167431322, -1261379688, -1367910071]
1	386 278 0.5824352060364906
1	386 279 0.5824352060364906
1	386 280 0.5824352060364906
1	278 386 0.5824352060364906
1	278 279 0.9999999999999998
278	(278,279,337 Sayres Pkwy,337 Sayres Pkwy)
1	278 280 0.9999999999999998
278	(278,280,337 Sayres Pkwy,337 Sayres Pkwy)
1	279 386 0.5824352060364906
1	280 386 0.5824352060364906
1	[-1167431322, -1261379688, -1570063170]
2	[-1167431322, -1261379688, -1570063170]
3	[-1167431322, -1261379688, -1570063170]
1	85 888 0.5720053941530366
1	85 890 0.5720053941530366
1	888 85 0.5720053941530366
1	888 890 0.9999999999999998
888	(888,890,717 Jaci Street,717 Jaci Street)
1	890 85 0.5720053941530366
1	[-1167431322, -1261379688, -1921489680]
1	[-1167431322, -1900302480, -1367910071]
2	[-1167431322, -1900302480, -1367910071]
1	715 345 0.29825965023586243
1	345 715 0.2982596502358624
1	[-1167431322, -1900302480, -1570063170]
1	[-1167431322, -1900302480, -1921489680]
2	[-1167431322, -1900302480, -1921489680]
1	716 717 1.0000000000000002
716	(716,717,790 Thudium Rd,790 Thudium Rd)
1	[-1167431322, -665419982, -1570063170]
2	[-1167431322, -665419982, -1570063170]
3	[-1167431322, -665419982, -1570063170]
1	177 179 0.9999999999999999
177	(177,179,177 Twist Ln,177 Twist Ln)
1	177 178 0.9999999999999999
177	(177,178,177 Twist Ln,177 Twist Ln)
1	[-1167431322, -810024386, -1570063170]
2	[-1167431322, -810024386, -1570063170]
1	600 599 0.9999999999999999
599	(599,600,187 Amann,187 Amann)
1	[-1187609149, -1261379688, -1367910071]
2	[-1187609149, -1261379688, -1367910071]
3	[-1187609149, -1261379688, -1367910071]
4	[-1187609149, -1261379688, -1367910071]
5	[-1187609149, -1261379688, -1367910071]
6	[-1187609149, -1261379688, -1367910071]
7	[-1187609149, -1261379688, -1367910071]
1	740 792 0.6167542480349331
1	740 742 1.0000000000000002
740	(740,742,98 Tyna Ave,98 Tyna Ave)
1	740 245 0.610170215847752
1	740 173 0.5666666666666667
1	740 244 0.610170215847752
1	740 172 0.5666666666666667
1	792 740 0.6167542480349331
1	792 742 0.6167542480349331
1	792 245 0.6635262572175226
245	(245,792,789 Resnick Ave,89 Bebe Ave)
1	792 173 0.5971123930019734
1	792 244 0.5981542121714613
1	792 172 0.5971123930019734
1	742 173 0.5666666666666667
1	742 244 0.610170215847752
1	742 172 0.5666666666666667
1	245 173 0.4684134990346379
1	245 244 0.9384615384615385
244	(244,245,789 eRsnick Ave,789 Resnick Ave)
1	245 172 0.4684134990346379
1	173 740 0.5666666666666667
1	173 792 0.5971123930019734
1	173 742 0.5666666666666667
1	173 245 0.4684134990346379
1	173 244 0.4684134990346379
1	173 172 1.0000000000000002
172	(172,173,393 Hup Ave,393 Hup Ave)
1	[-1187609149, -1261379688, -1570063170]
2	[-1187609149, -1261379688, -1570063170]
3	[-1187609149, -1261379688, -1570063170]
1	496 497 1.0000000000000002
496	(496,497,810 Ave Avenue,810 Ave Avenue)
1	496 862 0.681048574254309
496	(496,862,810 Ave Avenue,91 Lazar Avenue)
1	[-1187609149, -1261379688, -1921489680]
2	[-1187609149, -1261379688, -1921489680]
3	[-1187609149, -1261379688, -1921489680]
4	[-1187609149, -1261379688, -1921489680]
1	642 641 1.0000000000000002
641	(641,642,1 Ainah Avenue,1 Ainah Avenue)
1	642 749 0.7336776051392249
642	(642,749,1 Ainah Avenue,308 Shinichi Avenue)
1	642 747 0.7336776051392249
642	(642,747,1 Ainah Avenue,208 Shinichi Avenue)
1	[-1187609149, -1467691172, -1367910071]
2	[-1187609149, -1467691172, -1367910071]
1	923 922 0.9999999999999999
922	(922,923,77 Navarrette Ave,77 Navarrette Ave)
1	[-1187609149, -1900302480, -1367910071]
2	[-1187609149, -1900302480, -1367910071]
3	[-1187609149, -1900302480, -1367910071]
4	[-1187609149, -1900302480, -1367910071]
5	[-1187609149, -1900302480, -1367910071]
1	572 421 0.458404494016671
1	572 95 0.4255794228082991
1	572 94 0.4255794228082991
1	572 93 0.4255794228082991
1	421 572 0.458404494016671
1	421 95 0.7875928320749259
95	(95,421,397 Tedder Avenue,790 Adee Avenue)
1	421 94 0.7875928320749259
94	(94,421,397 Tedder Avenue,790 Adee Avenue)
1	421 93 0.7875928320749259
93	(93,421,397 Tedder Avenue,790 Adee Avenue)
1	95 572 0.4255794228082991
1	94 572 0.4255794228082991
1	93 572 0.4255794228082991
1	[-1187609149, -1900302480, -1570063170]
2	[-1187609149, -1900302480, -1570063170]
3	[-1187609149, -1900302480, -1570063170]
4	[-1187609149, -1900302480, -1570063170]
5	[-1187609149, -1900302480, -1570063170]
6	[-1187609149, -1900302480, -1570063170]
1	457 456 0.9999999999999998
456	(456,457,818 Lademan Ave,818 Lademan Ave)
1	457 455 0.9999999999999998
455	(455,457,818 Lademan Ave,818 Lademan Ave)
1	457 894 0.6487179487179489
1	457 895 0.625120257050862
1	457 896 0.625120257050862
1	456 894 0.6487179487179489
1	456 895 0.625120257050862
1	456 896 0.625120257050862
1	455 894 0.6487179487179489
1	455 895 0.625120257050862
1	455 896 0.625120257050862
1	894 457 0.6487179487179489
1	894 456 0.6487179487179489
1	894 455 0.6487179487179489
1	894 895 0.9413866321595986
894	(894,895,819 Arvid Avenue,819 Arvind Avenue)
1	894 896 0.9413866321595986
894	(894,896,819 Arvid Avenue,819 Arvind Avenue)
1	[-1187609149, -1900302480, -1921489680]
1	[-1187609149, -1989319571, -1570063170]
2	[-1187609149, -1989319571, -1570063170]
3	[-1187609149, -1989319571, -1570063170]
1	607 608 0.9375255987790487
607	(607,608,712 zCiczatka Avenue,712 Cziczatka Avenue)
1	607 609 0.9375255987790487
607	(607,609,712 zCiczatka Avenue,712 Cziczatka Avenue)
1	[-1195970990, -1439191553, -1570063170]
1	[-1195970990, -1439191553, -1921489680]
1	[-1195970990, -2083468913, -1367910071]
2	[-1195970990, -2083468913, -1367910071]
3	[-1195970990, -2083468913, -1367910071]
1	383 381 0.9769230769230768
381	(381,383,200 Winfrey Ave,202 Winfrey Ave)
1	383 382 0.9512820512820512
382	(382,383,302 Winfrey Ave,202 Winfrey Ave)
1	[-1265741853, -1055929624, -1532871171]
2	[-1265741853, -1055929624, -1532871171]
3	[-1265741853, -1055929624, -1532871171]
1	743 662 0.5545454545454545
1	743 663 0.5545454545454545
1	662 743 0.5545454545454545
1	662 663 1.0000000000000002
662	(662,663,474 Luczyk St,474 Luczyk St)
1	663 743 0.5545454545454545
1	[-1265741853, -1261379688, -1532871171]
2	[-1265741853, -1261379688, -1532871171]
3	[-1265741853, -1261379688, -1532871171]
4	[-1265741853, -1261379688, -1532871171]
5	[-1265741853, -1261379688, -1532871171]
6	[-1265741853, -1261379688, -1532871171]
7	[-1265741853, -1261379688, -1532871171]
8	[-1265741853, -1261379688, -1532871171]
9	[-1265741853, -1261379688, -1532871171]
10	[-1265741853, -1261379688, -1532871171]
11	[-1265741853, -1261379688, -1532871171]
12	[-1265741853, -1261379688, -1532871171]
13	[-1265741853, -1261379688, -1532871171]
14	[-1265741853, -1261379688, -1532871171]
15	[-1265741853, -1261379688, -1532871171]
1	664 710 0.8227867414938225
664	(664,710,342 Arana Street,424 Strannemar St)
1	664 709 0.7714285714285718
664	(664,709,342 Arana Street,424 Straunnemar St)
1	664 708 0.8227867414938225
664	(664,708,342 Arana Street,424 Strannemar St)
1	664 741 0.608761717689411
1	664 917 0.6476190476190479
1	664 916 0.6476190476190479
1	664 665 0.9999999999999999
664	(664,665,342 Arana Street,342 Arana Street)
1	664 884 0.7200822998230958
664	(664,884,342 Arana Street,742 Payerne St)
1	664 655 0.6815064623325728
655	(655,664,240 Tyeryar Ln,342 Arana Street)
1	664 130 0.7199684002471894
130	(130,664,409 Sakakura Street,342 Arana Street)
1	664 464 0.6976190476190479
464	(464,664,444 Trevisan Street,342 Arana Street)
1	664 422 0.5835203781754599
1	664 129 0.7199684002471894
129	(129,664,409 Sakakura Street,342 Arana Street)
1	664 385 0.6000595208572469
1	710 741 0.6132518836045588
1	710 917 0.47687039371864187
1	710 916 0.47687039371864187
1	710 422 0.5200314339611523
1	710 385 0.5350053917772878
1	709 741 0.5790660241435861
1	709 917 0.5071428571428571
1	709 916 0.5071428571428571
1	709 422 0.5924290862392073
1	709 385 0.5155440953843952
1	708 741 0.6132518836045588
1	708 917 0.47687039371864187
1	708 916 0.47687039371864187
1	708 422 0.5200314339611523
1	708 385 0.5350053917772878
1	741 664 0.608761717689411
1	741 710 0.6132518836045588
1	741 709 0.5790660241435861
1	741 708 0.6132518836045588
1	741 917 0.36822659996822915
1	741 916 0.36822659996822915
1	741 665 0.608761717689411
1	741 884 0.5998027796581114
1	741 655 0.657537806577074
655	(655,741,240 Tyeryar Ln,48 Tyna Ave)
1	741 422 0.5166666666666667
1	741 385 0.44974615611283614
1	917 664 0.6476190476190479
1	917 710 0.47687039371864187
1	917 709 0.5071428571428571
1	917 708 0.47687039371864187
1	917 741 0.36822659996822915
1	917 916 0.9999999999999999
916	(916,917,374 Hepbu Street,374 Hepbu Street)
1	917 422 0.5701573160798387
1	917 385 0.6704890420846233
385	(385,917,843 epper St,374 Hepbu Street)
1	916 422 0.5701573160798387
1	665 422 0.5835203781754599
1	884 422 0.6014065304058601
1	655 422 0.589378399797743
1	130 422 0.5960091038330302
1	464 422 0.5701573160798387
1	422 664 0.5835203781754599
1	422 710 0.5200314339611523
1	422 709 0.5924290862392073
1	422 708 0.5200314339611523
1	422 741 0.5166666666666667
1	422 917 0.5701573160798387
1	422 916 0.5701573160798387
1	422 665 0.5835203781754599
1	422 884 0.6014065304058601
1	422 655 0.589378399797743
1	422 130 0.5960091038330302
1	422 464 0.5701573160798387
1	422 129 0.5960091038330302
1	422 385 0.4901530373260988
1	129 422 0.5960091038330302
1	385 422 0.4901530373260988
1	[-1265741853, -1261379688, -1570063170]
2	[-1265741853, -1261379688, -1570063170]
1	358 357 0.9366666666666665
357	(357,358,241 Faruque,441 Faruque)
1	[-1265741853, -1261379688, -1921489680]
2	[-1265741853, -1261379688, -1921489680]
3	[-1265741853, -1261379688, -1921489680]
4	[-1265741853, -1261379688, -1921489680]
5	[-1265741853, -1261379688, -1921489680]
6	[-1265741853, -1261379688, -1921489680]
7	[-1265741853, -1261379688, -1921489680]
1	126 230 0.43479099562495904
1	126 229 0.43479099562495904
1	126 228 0.43479099562495904
1	126 571 0.4188559767009502
1	126 682 0.5271560665671206
1	126 947 0.39191835884530846
1	230 126 0.4347909956249591
1	230 229 1.0000000000000002
229	(229,230,847 Rhines Ave,847 Rhines Ave)
1	230 228 1.0000000000000002
228	(228,230,847 Rhines Ave,847 Rhines Ave)
1	230 571 0.5741427676941279
1	230 682 0.6230571655004711
1	230 947 0.7363825495347234
230	(230,947,847 Rhines Ave,743 xhri Ave)
1	229 126 0.4347909956249591
1	229 571 0.5741427676941279
1	229 682 0.6230571655004711
1	228 126 0.4347909956249591
1	228 571 0.5741427676941279
1	228 682 0.6230571655004711
1	571 126 0.4188559767009502
1	571 230 0.574142767694128
1	571 229 0.574142767694128
1	571 228 0.574142767694128
1	571 682 0.44166666666666665
1	571 947 0.5059644256269407
1	682 126 0.5271560665671206
1	682 230 0.6230571655004711
1	682 229 0.6230571655004711
1	682 228 0.6230571655004711
1	682 571 0.44166666666666665
1	682 947 0.563939516063361
1	947 126 0.39191835884530846
1	947 571 0.5059644256269407
1	947 682 0.563939516063361
1	[-1265741853, -1439191553, -1532871171]
1	[-1265741853, -1439191553, -1921489680]
1	[-1265741853, -1467691172, -1532871171]
1	[-1265741853, -1900302480, -1532871171]
2	[-1265741853, -1900302480, -1532871171]
3	[-1265741853, -1900302480, -1532871171]
4	[-1265741853, -1900302480, -1532871171]
5	[-1265741853, -1900302480, -1532871171]
6	[-1265741853, -1900302480, -1532871171]
7	[-1265741853, -1900302480, -1532871171]
8	[-1265741853, -1900302480, -1532871171]
9	[-1265741853, -1900302480, -1532871171]
10	[-1265741853, -1900302480, -1532871171]
11	[-1265741853, -1900302480, -1532871171]
12	[-1265741853, -1900302480, -1532871171]
13	[-1265741853, -1900302480, -1532871171]
1	91 50 0.4996102376957358
1	91 156 0.573809523809524
1	91 32 0.5196746370519363
1	91 155 0.6486616257818129
1	91 30 0.5196746370519363
1	91 507 0.5315529144702662
1	91 573 0.5479596155372586
1	91 706 0.4299246036634387
1	91 704 0.4619047619047619
1	91 962 0.6547619047619049
91	(91,962,224 Astrid Avenue,498 Sebastien Rd)
1	91 963 0.6547619047619049
91	(91,963,224 Astrid Avenue,498 Sebastien Rd)
1	91 964 0.6547619047619049
91	(91,964,224 Astrid Avenue,498 Sebastien Rd)
1	50 91 0.4996102376957358
1	50 156 0.4942380846022333
1	50 32 0.5460705462908384
1	50 155 0.5319742785103738
1	50 30 0.5460705462908384
1	50 507 0.5728715546977508
1	50 573 0.49999999999999994
1	50 706 0.48780783917080295
1	50 704 0.4700633956814718
1	50 962 0.5882507637385277
1	50 963 0.5882507637385277
1	50 964 0.5882507637385277
1	156 91 0.573809523809524
1	156 50 0.4942380846022333
1	156 32 0.49294851286069385
1	156 155 0.9453898162990253
155	(155,156,844 Enyredy Avenue,844 Enyedy Avenue)
1	156 30 0.49294851286069385
1	156 507 0.6057921483348285
1	156 573 0.521098850069746
1	156 706 0.49663704216293786
1	156 704 0.5261904761904762
1	32 91 0.5196746370519363
1	32 50 0.5460705462908384
1	32 156 0.49294851286069385
1	32 155 0.47910238430862107
1	32 30 1.0000000000000002
30	(30,32,204 Nanc Rd,204 Nanc Rd)
1	32 507 0.5111111111111111
1	32 573 0.5427204202399744
1	32 706 0.5053935121163198
1	32 704 0.4870093741515289
1	155 50 0.5319742785103738
1	155 507 0.6139395822876942
1	155 573 0.5034293172244514
1	155 706 0.4797969656064199
1	155 704 0.5083482953822009
1	30 50 0.5460705462908384
1	30 507 0.5111111111111111
1	30 573 0.5427204202399744
1	30 706 0.5053935121163198
1	30 704 0.4870093741515289
1	507 91 0.5315529144702663
1	507 50 0.5728715546977508
1	507 156 0.6057921483348285
1	507 32 0.5111111111111111
1	507 155 0.6139395822876942
1	507 30 0.5111111111111111
1	507 573 0.5829219328503429
1	507 706 0.40061680838488767
1	507 704 0.44543540318737396
1	507 962 0.5167050676973538
1	507 963 0.5167050676973538
1	507 964 0.5167050676973538
1	573 91 0.5479596155372587
1	573 50 0.49999999999999994
1	573 156 0.521098850069746
1	573 32 0.5427204202399744
1	573 155 0.5034293172244514
1	573 30 0.5427204202399744
1	573 507 0.5829219328503429
1	573 706 0.4097585849034745
1	573 704 0.39485325237243635
1	573 962 0.6554026774073095
573	(573,962,804 Svedman St,498 Sebastien Rd)
1	706 91 0.4299246036634387
1	706 50 0.48780783917080295
1	706 156 0.49663704216293786
1	706 32 0.5053935121163198
1	706 155 0.47979696560642004
1	706 30 0.5053935121163198
1	706 507 0.40061680838488767
1	706 573 0.40975858490347444
1	706 704 0.9636241116594316
704	(704,706,492 Judenei Pkwy,492 Judene Pkwy)
1	704 50 0.4700633956814718
1	704 507 0.44543540318737396
1	962 50 0.5882507637385277
1	962 507 0.5167050676973538
1	963 50 0.5882507637385277
1	963 507 0.5167050676973538
1	964 50 0.5882507637385277
1	964 507 0.5167050676973538
1	[-1265741853, -1900302480, -1570063170]
1	[-1265741853, -1900302480, -1724703349]
1	[-1265741853, -1900302480, -1921489680]
2	[-1265741853, -1900302480, -1921489680]
3	[-1265741853, -1900302480, -1921489680]
4	[-1265741853, -1900302480, -1921489680]
1	64 65 1.0
64	(64,65,241 Breidenbach Rd,241 Breidenbach Rd)
1	64 690 0.6471134267167056
1	64 691 0.6471134267167056
1	65 690 0.6471134267167056
1	65 691 0.6471134267167056
1	690 64 0.6471134267167056
1	690 65 0.6471134267167056
1	690 691 1.0000000000000002
690	(690,691,43 Zacharie Rd,43 Zacharie Rd)
1	[-1265741853, -1989319571, -1921489680]
2	[-1265741853, -1989319571, -1921489680]
1	948 949 0.9999999999999999
948	(948,949,743 Chri Ave,743 Chri Ave)
1	[-1265741853, -2083468913, -1532871171]
2	[-1265741853, -2083468913, -1532871171]
1	307 308 1.0000000000000002
307	(307,308,844 Wandie Rd,844 Wandie Rd)
1	[-1265741853, -2083468913, -1921489680]
2	[-1265741853, -2083468913, -1921489680]
1	589 588 0.9636241116594316
588	(588,589,304 Whitme Pkwy,304 Whitmer Pkwy)
1	[-1265741853, -810024386, -1532871171]
2	[-1265741853, -810024386, -1532871171]
3	[-1265741853, -810024386, -1532871171]
1	276 277 0.9999999999999999
276	(276,277,48 Zsazsa Pkwy,48 Zsazsa Pkwy)
1	276 275 0.9999999999999999
275	(275,276,48 Zsazsa Pkwy,48 Zsazsa Pkwy)
1	[-1501624929, -1465390754, -1286260789]
2	[-1501624929, -1465390754, -1286260789]
1	732 733 0.9701425001453322
732	(732,733,587 Ravasib Parkway,587 Ravasi Parkway)
1	[-1501624929, -1465390754, -1367910071]
2	[-1501624929, -1465390754, -1367910071]
3	[-1501624929, -1465390754, -1367910071]
4	[-1501624929, -1465390754, -1367910071]
5	[-1501624929, -1465390754, -1367910071]
6	[-1501624929, -1465390754, -1367910071]
7	[-1501624929, -1465390754, -1367910071]
8	[-1501624929, -1465390754, -1367910071]
9	[-1501624929, -1465390754, -1367910071]
10	[-1501624929, -1465390754, -1367910071]
1	759 727 0.54544332199452
1	759 711 0.6484848484848482
1	759 728 0.54544332199452
1	759 960 0.5237849266164972
1	759 959 0.4673773191347205
1	759 726 0.48741743667595394
1	759 760 0.9727272727272729
759	(759,760,530 Bennes St,532 Bennes St)
1	759 227 0.6484848484848482
1	759 419 0.5909090909090908
1	727 759 0.5454433219945198
1	727 711 0.5773575589197312
1	727 728 1.0000000000000002
727	(727,728,520 Suisse Ave,520 Suisse Ave)
1	727 960 0.6120699548496314
1	727 959 0.6120699548496314
1	727 726 0.9750000000000003
726	(726,727,527 Suisse Ave,520 Suisse Ave)
1	727 227 0.6498899155679387
1	727 419 0.574456264653803
1	711 759 0.6484848484848482
1	711 727 0.5773575589197312
1	711 728 0.5773575589197312
1	711 960 0.6580887539540607
711	(711,960,950 Reaves St,258 Aribas Avenue)
1	711 959 0.6580887539540607
711	(711,959,950 Reaves St,258 Arivas Avenue)
1	711 227 0.5818181818181818
1	711 419 0.815151515151515
419	(419,711,975 Vesper Ave,950 Reaves St)
1	728 227 0.6498899155679387
1	960 227 0.5264710031632485
1	959 227 0.5264710031632485
1	726 227 0.7079158008865047
227	(227,726,597 Perina St,527 Suisse Ave)
1	[-1501624929, -1465390754, -1532871171]
2	[-1501624929, -1465390754, -1532871171]
3	[-1501624929, -1465390754, -1532871171]
4	[-1501624929, -1465390754, -1532871171]
5	[-1501624929, -1465390754, -1532871171]
1	148 196 0.5076923076923077
1	148 195 0.5076923076923077
1	148 559 0.5065203663850859
1	148 698 0.3482284565191716
1	196 148 0.5076923076923077
1	196 195 0.9999999999999998
195	(195,196,435 Luik Street,435 Luik Street)
1	196 559 0.5707619738290479
1	196 698 0.41294347941211496
1	195 148 0.5076923076923077
1	195 559 0.5707619738290479
1	195 698 0.41294347941211496
1	559 148 0.5065203663850859
1	559 196 0.5707619738290479
1	559 195 0.5707619738290479
1	559 698 0.36822659996822915
1	698 148 0.3482284565191716
1	698 196 0.41294347941211496
1	698 195 0.41294347941211496
1	698 559 0.36822659996822915
1	[-1501624929, -1465390754, -1570063170]
2	[-1501624929, -1465390754, -1570063170]
3	[-1501624929, -1465390754, -1570063170]
4	[-1501624929, -1465390754, -1570063170]
5	[-1501624929, -1465390754, -1570063170]
6	[-1501624929, -1465390754, -1570063170]
7	[-1501624929, -1465390754, -1570063170]
8	[-1501624929, -1465390754, -1570063170]
1	22 136 0.5796550698475774
1	22 137 0.5796550698475774
1	22 237 0.6651835354264783
22	(22,237,514 Larribeau St,513 Akre St)
1	22 353 0.34933042528778685
1	22 238 0.6651835354264783
22	(22,238,514 Larribeau St,513 Akre St)
1	22 352 0.34933042528778685
1	22 135 0.6164585663458363
1	136 22 0.5796550698475774
1	136 137 0.9999999999999998
136	(136,137,155 Yakita Avenue,155 Yakita Avenue)
1	136 353 0.47628967220784013
1	136 352 0.47628967220784013
1	136 135 0.9577777777777775
135	(135,136,125 Yakita Avenue,155 Yakita Avenue)
1	137 353 0.47628967220784013
1	137 352 0.47628967220784013
1	237 353 0.541100844073256
1	237 352 0.5094780674715722
1	353 22 0.34933042528778685
1	353 136 0.47628967220784013
1	353 137 0.47628967220784013
1	353 237 0.541100844073256
1	353 238 0.541100844073256
1	353 352 0.9366666666666665
352	(352,353,185 Jyu Pkwy,135 Jyu Pkwy)
1	[-1501624929, -1465390754, -1921489680]
2	[-1501624929, -1465390754, -1921489680]
3	[-1501624929, -1465390754, -1921489680]
4	[-1501624929, -1465390754, -1921489680]
5	[-1501624929, -1465390754, -1921489680]
6	[-1501624929, -1465390754, -1921489680]
7	[-1501624929, -1465390754, -1921489680]
8	[-1501624929, -1465390754, -1921489680]
9	[-1501624929, -1465390754, -1921489680]
10	[-1501624929, -1465390754, -1921489680]
11	[-1501624929, -1465390754, -1921489680]
12	[-1501624929, -1465390754, -1921489680]
1	128 347 0.6325681387348323
1	128 467 0.5056394924215238
1	128 127 0.9999999999999998
127	(127,128,154 Shimizu Street,154 Shimizu Street)
1	128 350 0.46222222222222215
1	128 349 0.471212973788569
1	128 346 0.6325681387348323
1	128 981 0.49918452017784476
1	128 668 0.658640575281699
128	(128,668,154 Shimizu Street,258 Terhi St)
1	128 982 0.49918452017784476
1	128 920 0.5465582548328457
1	128 919 0.5369357503463519
1	347 128 0.6325681387348325
1	347 467 0.610170215847752
1	347 127 0.6325681387348325
1	347 350 0.43921712274418545
1	347 349 0.40446889308089623
1	347 346 0.9999999999999998
346	(346,347,954 Shiesen Ave,954 Shiesen Ave)
1	347 981 0.49460767496749597
1	347 982 0.49460767496749597
1	347 920 0.5891649892987403
1	347 919 0.53748384988657
1	467 128 0.5056394924215238
1	467 347 0.610170215847752
1	467 127 0.5056394924215238
1	467 350 0.45184805705753195
1	467 349 0.4375000000000001
1	467 346 0.610170215847752
1	467 981 0.4812500000000001
1	467 668 0.44798933519052037
1	467 982 0.4812500000000001
1	467 920 0.5198858047687009
1	467 919 0.48261800514370445
1	127 467 0.5056394924215238
1	127 350 0.46222222222222215
1	127 349 0.471212973788569
1	127 981 0.49918452017784476
1	127 982 0.49918452017784476
1	127 920 0.5465582548328457
1	127 919 0.5369357503463519
1	350 128 0.46222222222222215
1	350 347 0.43921712274418545
1	350 467 0.45184805705753195
1	350 127 0.46222222222222215
1	350 349 0.9488809198208168
349	(349,350,415 xSeyfarth Pkwy,415 Seyfarth Pkwy)
1	350 981 0.7229568912920511
350	(350,981,415 Seyfarth Pkwy,154 Shyayun Parkway)
1	350 982 0.7229568912920511
350	(350,982,415 Seyfarth Pkwy,154 Shyayun Parkway)
1	350 920 0.6273872925193933
1	350 919 0.6273872925193933
1	349 467 0.4375000000000001
1	349 920 0.6279624236811908
1	349 919 0.6279624236811908
1	346 467 0.610170215847752
1	346 920 0.5891649892987403
1	346 919 0.53748384988657
1	981 467 0.4812500000000001
1	981 920 0.7509461624436793
920	(920,981,549 Subhashini Parkway,154 Shyayun Parkway)
1	981 919 0.7416292125374301
919	(919,981,540 Subhsahini Parkway,154 Shyayun Parkway)
1	668 467 0.44798933519052037
1	982 467 0.4812500000000001
1	920 467 0.5198858047687009
1	919 467 0.48261800514370445
1	[-1501624929, -1467691172, -1367910071]
1	[-1501624929, -1900302480, -1367910071]
2	[-1501624929, -1900302480, -1367910071]
3	[-1501624929, -1900302480, -1367910071]
4	[-1501624929, -1900302480, -1367910071]
5	[-1501624929, -1900302480, -1367910071]
6	[-1501624929, -1900302480, -1367910071]
7	[-1501624929, -1900302480, -1367910071]
1	578 577 1.0
577	(577,578,552 Tsukada Avenue,552 Tsukada Avenue)
1	578 763 0.6592443967173135
578	(578,763,552 Tsukada Avenue,582 Surinder Ave)
1	578 1011 0.6476488817824624
1	578 311 0.6979977469167468
311	(311,578,529 Prud Avenue,552 Tsukada Avenue)
1	578 313 0.6979977469167468
313	(313,578,529 Prud Avenue,552 Tsukada Avenue)
1	578 312 0.6979977469167468
312	(312,578,529 Prud Avenue,552 Tsukada Avenue)
1	577 1011 0.6476488817824624
1	763 1011 0.611858129283554
1	1011 578 0.6476488817824624
1	1011 577 0.6476488817824624
1	1011 763 0.611858129283554
1	1011 311 0.5275379572090487
1	1011 313 0.5275379572090487
1	1011 312 0.5275379572090487
1	311 1011 0.527537957209049
1	313 1011 0.527537957209049
1	312 1011 0.527537957209049
1	[-1501624929, -1900302480, -1570063170]
2	[-1501624929, -1900302480, -1570063170]
1	633 631 0.9313154593629833
631	(631,633,150 Enmmery Rd,150 Emmery Rd)
1	[-1501624929, -1900302480, -811802586]
2	[-1501624929, -1900302480, -811802586]
1	883 885 0.9074537025227359
883	(883,885,957 Nakatd,957 Nakad)
1	[-1501624929, -1989319571, -1453859867]
2	[-1501624929, -1989319571, -1453859867]
3	[-1501624929, -1989319571, -1453859867]
1	1010 344 0.5471016920444576
1	1010 343 0.5471016920444576
1	344 1010 0.5471016920444576
1	344 343 1.0
343	(343,344,959 Cifersky Avenue,959 Cifersky Avenue)
1	343 1010 0.5471016920444576
1	[-1501624929, -1989319571, -1921489680]
2	[-1501624929, -1989319571, -1921489680]
3	[-1501624929, -1989319571, -1921489680]
4	[-1501624929, -1989319571, -1921489680]
5	[-1501624929, -1989319571, -1921489680]
1	3 4 1.0000000000000002
3	(3,4,955 Czychun St,955 Czychun St)
1	3 533 0.6423021744734586
1	3 924 0.41739935579996074
1	3 925 0.41739935579996074
1	4 533 0.6423021744734586
1	4 924 0.41739935579996074
1	4 925 0.41739935579996074
1	533 3 0.6423021744734586
1	533 4 0.6423021744734586
1	533 924 0.5142461220797625
1	533 925 0.5142461220797625
1	924 3 0.41739935579996074
1	924 4 0.41739935579996074
1	924 533 0.5142461220797625
1	924 925 0.9577777777777775
924	(924,925,405 Chavand Avenue,305 Chavand Avenue)
1	925 533 0.5142461220797625
1	[-1677976503, -1899413246, -1286260789]
2	[-1677976503, -1899413246, -1286260789]
3	[-1677976503, -1899413246, -1286260789]
4	[-1677976503, -1899413246, -1286260789]
1	394 395 0.9999999999999999
394	(394,395,236 Amans Ln,236 Amans Ln)
1	394 76 0.7119187333033756
76	(76,394,536 Lausmann,236 Amans Ln)
1	394 75 0.7119187333033756
75	(75,394,336 Lausmann,236 Amans Ln)
1	[-1677976503, -1899413246, -1367910071]
2	[-1677976503, -1899413246, -1367910071]
3	[-1677976503, -1899413246, -1367910071]
4	[-1677976503, -1899413246, -1367910071]
5	[-1677976503, -1899413246, -1367910071]
6	[-1677976503, -1899413246, -1367910071]
7	[-1677976503, -1899413246, -1367910071]
8	[-1677976503, -1899413246, -1367910071]
9	[-1677976503, -1899413246, -1367910071]
10	[-1677976503, -1899413246, -1367910071]
11	[-1677976503, -1899413246, -1367910071]
12	[-1677976503, -1899413246, -1367910071]
13	[-1677976503, -1899413246, -1367910071]
14	[-1677976503, -1899413246, -1367910071]
15	[-1677976503, -1899413246, -1367910071]
16	[-1677976503, -1899413246, -1367910071]
17	[-1677976503, -1899413246, -1367910071]
18	[-1677976503, -1899413246, -1367910071]
19	[-1677976503, -1899413246, -1367910071]
20	[-1677976503, -1899413246, -1367910071]
21	[-1677976503, -1899413246, -1367910071]
22	[-1677976503, -1899413246, -1367910071]
23	[-1677976503, -1899413246, -1367910071]
24	[-1677976503, -1899413246, -1367910071]
25	[-1677976503, -1899413246, -1367910071]
26	[-1677976503, -1899413246, -1367910071]
27	[-1677976503, -1899413246, -1367910071]
1	446 447 0.9413866321595986
446	(446,447,962 Levefrt Pkwy,962 Levert Pkwy)
1	446 16 0.5164036906072338
1	446 448 0.9413866321595986
446	(446,448,962 Levefrt Pkwy,962 Levert Pkwy)
1	446 27 0.5924290862392073
1	446 217 0.39792229351405406
1	446 28 0.5924290862392073
1	446 26 0.5946562632551442
1	446 568 0.41428571428571426
1	446 966 0.5099202625277027
1	446 842 0.4200412794412907
1	446 845 0.48700937415152884
1	446 645 0.5681539771918716
1	446 846 0.48700937415152884
1	446 847 0.48700937415152884
1	446 897 0.4693058873197904
1	446 1002 0.5837810073565812
1	446 712 0.529774834869849
1	446 719 0.5405513548181775
1	446 758 0.5775064575515225
1	446 757 0.44227875894112373
1	446 756 0.44227875894112373
1	446 887 0.5914961748546858
1	446 713 0.5089911974406229
1	446 720 0.5405513548181775
1	446 721 0.5405513548181775
1	446 569 0.41428571428571426
1	447 16 0.49487179487179483
1	447 27 0.5893689584893059
1	447 217 0.41294347941211496
1	447 28 0.5893689584893059
1	447 26 0.591680209306911
1	447 568 0.4299246036634387
1	447 966 0.5045045954972344
1	447 842 0.4461538461538461
1	447 845 0.5053935121163199
1	447 645 0.5514084530103635
1	447 846 0.5053935121163199
1	447 847 0.5053935121163199
1	447 897 0.5033647468546723
1	447 1002 0.6298374049666761
1	447 712 0.5737925511348956
1	447 719 0.5370861555295747
1	447 758 0.599306773838415
1	447 757 0.458974358974359
1	447 756 0.458974358974359
1	447 887 0.6244997998398399
1	447 713 0.5512820512820514
1	447 720 0.5370861555295747
1	447 721 0.5370861555295747
1	447 569 0.4299246036634387
1	16 446 0.5164036906072338
1	16 447 0.49487179487179483
1	16 448 0.49487179487179483
1	16 27 0.6748852387406956
16	(16,27,856 Smyrk Street,869 Lapierre Street)
1	16 217 0.47149516679144465
1	16 28 0.6748852387406956
16	(16,28,856 Smyrk Street,869 Lapierre Street)
1	16 26 0.6055477142125418
1	16 568 0.4274537726079017
1	16 966 0.634554669003188
1	16 842 0.6205128205128206
1	16 845 0.44376015698018323
1	16 645 0.37715383366076793
1	16 846 0.44376015698018323
1	16 847 0.44376015698018323
1	16 897 0.5360507693777029
1	16 1002 0.4216708050200628
1	16 712 0.5310917101202057
1	16 719 0.5370861555295746
1	16 758 0.48223289243742234
1	16 757 0.4179487179487179
1	16 756 0.4179487179487179
1	16 887 0.49906607935918823
1	16 713 0.5615384615384617
1	16 720 0.5370861555295746
1	16 721 0.5370861555295746
1	16 569 0.4274537726079017
1	448 217 0.41294347941211496
1	448 26 0.591680209306911
1	448 568 0.4299246036634387
1	448 966 0.5045045954972344
1	448 842 0.4461538461538461
1	448 845 0.5053935121163199
1	448 645 0.5514084530103635
1	448 846 0.5053935121163199
1	448 847 0.5053935121163199
1	448 897 0.5033647468546723
1	448 1002 0.6298374049666761
1	448 712 0.5737925511348956
1	448 719 0.5370861555295747
1	448 758 0.599306773838415
1	448 757 0.458974358974359
1	448 756 0.458974358974359
1	448 887 0.6244997998398399
1	448 713 0.5512820512820514
1	448 720 0.5370861555295747
1	448 721 0.5370861555295747
1	448 569 0.4299246036634387
1	27 217 0.5527777777777778
1	27 26 0.9604166666666666
26	(26,27,669 Lapierre Street,869 Lapierre Street)
1	27 568 0.5011148285857957
1	27 966 0.7680294792817212
27	(27,966,869 Lapierre Street,689 Aubertin Street)
1	27 842 0.6540839813822494
27	(27,842,869 Lapierre Street,603 Sasse Street)
1	27 845 0.4722222222222222
1	27 645 0.5917057890039108
1	27 846 0.4722222222222222
1	27 847 0.4722222222222222
1	27 897 0.48613591206575135
1	27 1002 0.5941896520409898
1	27 712 0.5701333908247554
1	27 719 0.5960091038330302
1	27 758 0.5653337710833066
1	27 757 0.5431439421372035
1	27 756 0.5431439421372035
1	27 887 0.6807921924194337
27	(27,887,869 Lapierre Street,769 Parets Ave)
1	27 713 0.5570114470428342
1	27 720 0.5960091038330302
1	27 721 0.5960091038330302
1	27 569 0.5011148285857957
1	217 446 0.39792229351405406
1	217 447 0.41294347941211496
1	217 16 0.47149516679144465
1	217 448 0.41294347941211496
1	217 27 0.5527777777777778
1	217 28 0.5527777777777778
1	217 26 0.5666666666666668
1	217 568 0.439496264478209
1	217 966 0.5766958195308362
1	217 842 0.628660222388593
1	217 845 0.6
1	217 645 0.5565620512327695
1	217 846 0.6
1	217 847 0.6
1	217 897 0.6049691350151573
1	217 1002 0.651122803586078
217	(217,1002,68 Navetta,630 Pernet Ave)
1	217 712 0.4586727138562028
1	217 719 0.6053329526294555
1	217 758 0.4857682773752857
1	217 757 0.5978435448205247
1	217 756 0.5978435448205247
1	217 713 0.44067848922337644
1	217 720 0.6053329526294555
1	217 721 0.6053329526294555
1	217 569 0.439496264478209
1	28 568 0.5011148285857957
1	28 845 0.4722222222222222
1	28 645 0.5917057890039108
1	28 846 0.4722222222222222
1	28 847 0.4722222222222222
1	28 897 0.48613591206575135
1	28 712 0.5701333908247554
1	28 719 0.5960091038330302
1	28 758 0.5653337710833066
1	28 757 0.5431439421372035
1	28 756 0.5431439421372035
1	28 713 0.5570114470428342
1	28 720 0.5960091038330302
1	28 721 0.5960091038330302
1	28 569 0.5011148285857957
1	26 568 0.5011148285857957
1	26 845 0.4722222222222222
1	26 645 0.6110707057349479
1	26 846 0.4722222222222222
1	26 847 0.4722222222222222
1	26 897 0.5126524163602468
1	26 712 0.5701333908247554
1	26 719 0.5960091038330302
1	26 758 0.5653337710833066
1	26 757 0.5177201831435472
1	26 756 0.5177201831435472
1	26 713 0.5570114470428342
1	26 720 0.5960091038330302
1	26 721 0.5960091038330302
1	26 569 0.5011148285857957
1	568 446 0.41428571428571426
1	568 447 0.4299246036634387
1	568 16 0.4274537726079017
1	568 448 0.4299246036634387
1	568 27 0.5011148285857957
1	568 217 0.439496264478209
1	568 28 0.5011148285857957
1	568 26 0.5011148285857957
1	568 966 0.42133242030890683
1	568 842 0.47687039371864176
1	568 845 0.49294851286069385
1	568 645 0.5405513548181775
1	568 846 0.49294851286069385
1	568 847 0.49294851286069385
1	568 897 0.4661561833780468
1	568 1002 0.45005143738943476
1	568 712 0.5786375623578448
1	568 719 0.48534611007078904
1	568 758 0.5506456920840099
1	568 757 0.5213453527183078
1	568 756 0.5213453527183078
1	568 887 0.4757686623831167
1	568 713 0.558407818551363
1	568 720 0.48534611007078904
1	568 721 0.48534611007078904
1	568 569 0.9999999999999999
568	(568,569,356 Haskins Lane,356 Haskins Lane)
1	966 845 0.468902208403577
1	966 645 0.5740389334947202
1	966 846 0.468902208403577
1	966 847 0.468902208403577
1	966 897 0.5545120919607786
1	966 712 0.5717810343114373
1	966 719 0.5385528903332284
1	966 758 0.5728300655662524
1	966 757 0.6076477572433356
1	966 756 0.6076477572433356
1	966 713 0.5964365440100637
1	966 720 0.5385528903332284
1	966 721 0.5385528903332284
1	842 845 0.5053935121163198
1	842 645 0.5346991059494431
1	842 846 0.5053935121163198
1	842 847 0.5053935121163198
1	842 897 0.6766006662267349
842	(842,897,603 Sasse Street,639 Tresa)
1	842 712 0.5177476973031151
1	842 719 0.5418602546898376
1	842 758 0.524044992937777
1	842 757 0.4974358974358974
1	842 756 0.4974358974358974
1	842 713 0.5384615384615384
1	842 720 0.5418602546898376
1	842 721 0.5418602546898376
1	845 446 0.48700937415152884
1	845 447 0.5053935121163199
1	845 16 0.44376015698018323
1	845 448 0.5053935121163199
1	845 27 0.4722222222222222
1	845 217 0.6
1	845 28 0.4722222222222222
1	845 26 0.4722222222222222
1	845 568 0.49294851286069385
1	845 966 0.468902208403577
1	845 842 0.5053935121163198
1	845 645 0.5565620512327695
1	845 846 1.0000000000000002
845	(845,846,596 Ram Ave,596 Ram Ave)
1	845 847 1.0000000000000002
845	(845,847,596 Ram Ave,596 Ram Ave)
1	845 712 0.5837652721806217
1	845 719 0.5967263229712167
1	845 758 0.4455667647649173
1	845 757 0.6872119097679227
757	(757,845,698 Babar Avenue,596 Ram Ave)
1	845 756 0.6872119097679227
756	(756,845,698 Babar Avenue,596 Ram Ave)
1	845 713 0.5608635317388427
1	845 720 0.5967263229712167
1	845 721 0.5967263229712167
1	645 446 0.5681539771918716
1	645 447 0.5514084530103631
1	645 16 0.37715383366076793
1	645 448 0.5514084530103631
1	645 27 0.5917057890039108
1	645 217 0.5565620512327695
1	645 28 0.5917057890039108
1	645 26 0.6110707057349479
1	645 568 0.5405513548181775
1	645 966 0.5740389334947202
1	645 842 0.5346991059494431
1	645 845 0.5565620512327695
1	645 846 0.5565620512327695
1	645 847 0.5565620512327695
1	645 897 0.49599320485190024
1	645 1002 0.6757894331999363
645	(645,1002,65 Lawrence Avenue,630 Pernet Ave)
1	645 712 0.6037383539249432
1	645 719 0.6777777777777775
645	(645,719,65 Lawrence Avenue,269 Fratus Avenue)
1	645 758 0.5189992961076818
1	645 713 0.5800530479719406
1	645 720 0.6777777777777775
645	(645,720,65 Lawrence Avenue,269 Fratus Avenue)
1	645 721 0.6777777777777775
645	(645,721,65 Lawrence Avenue,269 Fratus Avenue)
1	846 712 0.5837652721806217
1	846 758 0.4455667647649173
1	846 713 0.5608635317388427
1	847 712 0.5837652721806217
1	847 758 0.4455667647649173
1	847 713 0.5608635317388427
1	897 712 0.4694855340334425
1	897 758 0.47614826652752995
1	897 713 0.42164969054709556
1	1002 712 0.727777777777778
712	(712,1002,556 Pesker Ave,630 Pernet Ave)
1	1002 758 0.5686536761219463
1	1002 713 0.6992262716155473
713	(713,1002,556 Peisker Ave,630 Pernet Ave)
1	712 758 0.6208769729086556
1	719 758 0.5683042292379116
1	758 446 0.5775064575515226
1	758 447 0.599306773838415
1	758 16 0.48223289243742234
1	758 448 0.599306773838415
1	758 27 0.5653337710833066
1	758 217 0.4857682773752857
1	758 28 0.5653337710833066
1	758 26 0.5653337710833066
1	758 568 0.5506456920840099
1	758 966 0.5728300655662524
1	758 842 0.524044992937777
1	758 845 0.4455667647649173
1	758 645 0.5189992961076818
1	758 846 0.4455667647649173
1	758 847 0.4455667647649173
1	758 897 0.47614826652752995
1	758 1002 0.5686536761219464
1	758 712 0.6208769729086557
1	758 719 0.5683042292379116
1	758 757 0.515682572837706
1	758 756 0.515682572837706
1	758 887 0.5512459105263765
1	758 713 0.5714320401715121
1	758 720 0.5683042292379116
1	758 721 0.5683042292379116
1	758 569 0.5506456920840099
1	757 758 0.515682572837706
1	756 758 0.515682572837706
1	887 758 0.5512459105263765
1	713 758 0.5714320401715121
1	720 758 0.5683042292379116
1	721 758 0.5683042292379116
1	569 758 0.5506456920840099
1	[-1677976503, -1899413246, -1532871171]
2	[-1677976503, -1899413246, -1532871171]
3	[-1677976503, -1899413246, -1532871171]
4	[-1677976503, -1899413246, -1532871171]
5	[-1677976503, -1899413246, -1532871171]
6	[-1677976503, -1899413246, -1532871171]
1	899 707 0.6190476190476192
1	899 547 0.3831866524058616
1	899 928 0.4566330129477155
1	899 927 0.4566330129477155
1	899 901 0.9999999999999999
899	(899,901,648 Rebbecca Ave,648 Rebbecca Ave)
1	707 899 0.6190476190476192
1	707 547 0.632643734844577
1	707 928 0.462005166041218
1	707 927 0.462005166041218
1	707 901 0.6190476190476192
1	547 899 0.3831866524058616
1	547 707 0.632643734844577
1	547 928 0.4409967284211012
1	547 927 0.4409967284211012
1	547 901 0.3831866524058616
1	928 899 0.4566330129477155
1	928 707 0.462005166041218
1	928 547 0.4409967284211012
1	928 927 1.0000000000000002
927	(927,928,465 Hemmen St,465 Hemmen St)
1	927 707 0.462005166041218
1	927 547 0.4409967284211012
1	901 707 0.6190476190476192
1	901 547 0.3831866524058616
1	[-1677976503, -1899413246, -1570063170]
2	[-1677976503, -1899413246, -1570063170]
3	[-1677976503, -1899413246, -1570063170]
4	[-1677976503, -1899413246, -1570063170]
5	[-1677976503, -1899413246, -1570063170]
6	[-1677976503, -1899413246, -1570063170]
7	[-1677976503, -1899413246, -1570063170]
8	[-1677976503, -1899413246, -1570063170]
9	[-1677976503, -1899413246, -1570063170]
10	[-1677976503, -1899413246, -1570063170]
1	598 718 0.4098618116553081
1	598 926 0.47906802527355763
1	598 800 0.4098618116553081
1	598 432 0.3949527241594716
1	598 460 0.44180698912292005
1	598 459 0.44180698912292005
1	598 458 0.44180698912292005
1	598 433 0.4098618116553081
1	598 431 0.4098618116553081
1	718 598 0.4098618116553081
1	718 926 0.5742195135382023
1	718 800 0.5538461538461539
1	718 432 0.6350035812730102
1	718 460 0.6516645353758841
460	(460,718,160 Furrer Avenue,196 Peisker Ave)
1	718 459 0.6516645353758841
459	(459,718,160 Furrer Avenue,196 Peisker Ave)
1	718 458 0.6516645353758841
458	(458,718,160 Furrer Avenue,196 Peisker Ave)
1	718 433 0.6410256410256413
1	718 431 0.5871794871794873
1	926 598 0.47906802527355763
1	926 718 0.5742195135382023
1	926 800 0.524044992937777
1	926 432 0.491552008055482
1	926 460 0.5164042996271434
1	926 459 0.5164042996271434
1	926 458 0.5164042996271434
1	926 433 0.39582121807002296
1	926 431 0.3428592241029072
1	800 598 0.4098618116553081
1	800 718 0.5538461538461539
1	800 926 0.524044992937777
1	800 432 0.625120257050862
1	800 460 0.5370861555295747
1	800 459 0.5370861555295747
1	800 458 0.5370861555295747
1	800 433 0.594871794871795
1	800 431 0.5461538461538462
1	432 598 0.3949527241594716
1	432 718 0.6350035812730102
1	432 926 0.491552008055482
1	432 800 0.625120257050862
1	432 460 0.4370415209168243
1	432 459 0.4370415209168243
1	432 458 0.4370415209168243
1	432 433 0.9413866321595986
432	(432,433,106 Styvear Pkwy,106 Styvar Pkwy)
1	432 431 0.8944408421043956
431	(431,432,106 wtyvar Pkwy,106 Styvear Pkwy)
1	460 598 0.44180698912292005
